20 40 13
12 16 4033
6 16 1870
6 4 4967
14 15 7277
9 8 9040
17 16 6216
16 9 1356
5 13 2536
8 14 9615
16 14 3932
18 11 8003
1 11 7326
8 16 698
5 7 7158
3 5 7012
19 17 8996
16 3 850
9 2 1978
10 14 4745
9 3 1704
19 18 9530
19 13 907
9 14 5792
15 7 903
9 16 1963
1 6 4548
1 17 284
8 15 8742
19 20 1921
9 17 6078
5 7 341
13 16 9306
2 17 7976
11 12 5738
15 19 1519
6 4 8740
9 8 799
14 20 7629
16 11 6776
5 12 282
0 500
1 16 17 60000 10
0 4
1 10 1 786 9
1 17 15 963 60
0 0
0 15
0 200
2 10 1 786 12
0 8
0 10
0 15
0 200